43,4
43,1
43,3
10,78
10,94
10,182
10,66
10,106
10,134
10,32
10,188
11,4
11,18
8,18
8,14
67,4
67,3
67,2
67,1
67,0
66,5
66,4
66,3
66,2
66,1
66,0
63,5
63,4
63,3
63,2
63,1
63,0
61,5
61,4
61,3
61,2
61,1
61,0
57,5
57,4
57,3
57,2
57,1
57,0
56,5
56,4
56,3
56,2
56,1
56,0
54,4
54,3
54,2
54,1
54,0
52,5
52,4
52,3
52,2
52,1
52,0
50,4
50,3
50,2
50,1
50,0
47,3
47,2
47,1
47,0
46,4
46,3
46,2
46,1
46,0
44,5
44,1
44,4
32,4
32,3
32,1
24,3
24,1
18,1
20,3
20,2
18,3
20,1
19,3
19,2
19,1
12,3
12,2
12,1
11,28
11,26
11,20
11,12
11,10
11,8
11,6
11,3
11,2
11,1
10,192
10,190
10,154
10,152
10,142
10,125
10,118
10,108
10,4
10,3
10,2
10,1
9,7
9,6
9,5
9,4
9,3
