60,49
60,48
60,47
60,46
60,45
60,44
60,43
60,42
60,41
60,40
60,39
60,38
60,37
60,36
60,35
10,15
10,83
10,183
10,99
10,13
10,259
10,253
10,147
11,15
20,3
20,2
20,1
19,3
19,2
19,1
12,3
12,2
12,1
11,29
11,28
11,27
11,26
11,25
11,24
11,23
11,22
11,21
11,20
11,19
11,18
11,17
11,16
11,14
11,13
11,12
11,11
11,10
11,9
11,8
11,7
11,6
11,5
11,4
11,3
11,2
11,1
10,313
10,274
10,218
10,212
10,200
10,196
10,188
10,184
10,172
10,168
10,146
18,1
10,142
10,138
18,3
10,125
10,118
10,106
10,100
10,96
10,92
10,90
10,70
14,1
10,64
14,3
10,14
13,1
10,3
10,2
13,3
10,1
9,7
9,6
9,5
9,4
9,3
9,2
9,1
8,18
8,17
8,16
8,15
8,14
8,13
8,12
8,11
8,10
