10,125
11,12
10,96
10,258
10,294
10,78
10,308
10,158
10,26
11,16
11,24
11,22
11,6
8,6
8,7
8,10
8,14
8,15
8,9
8,2
8,3
44,4
44,3
44,2
44,1
44,0
43,5
43,4
43,3
43,2
43,1
43,0
40,5
40,4
40,3
40,2
40,1
40,0
38,5
38,4
38,3
38,2
38,1
38,0
34,4
34,3
34,2
34,1
34,0
33,5
33,4
33,3
33,2
33,1
33,0
31,4
31,3
31,2
31,1
31,0
29,5
29,4
29,3
29,2
29,1
29,0
27,4
27,3
27,2
27,1
27,0
24,3
24,2
24,1
24,0
20,3
20,2
20,1
19,3
19,2
19,1
12,3
12,2
12,1
11,29
11,28
11,27
11,26
11,25
11,23
11,21
11,19
11,17
11,11
18,1
11,3
11,2
18,3
11,1
10,269
10,241
10,131
10,121
10,117
10,107
14,1
10,31
14,3
10,21
10,3
13,1
10,2
