111,49
111,48
111,47
111,46
111,45
111,44
111,43
111,42
111,41
111,40
111,39
111,38
111,37
111,36
111,35
112,1
112,0
10,15
10,215
10,277
10,307
10,243
10,111
10,177
10,137
11,29
11,15
11,23
11,13
8,4
8,5
0,516
109,4
109,3
109,2
109,1
109,0
107,5
107,4
107,3
107,2
107,1
107,0
105,4
105,3
105,2
105,1
105,0
101,5
101,4
101,3
101,2
101,1
101,0
95,5
95,4
95,3
95,2
95,1
95,0
91,5
91,4
91,3
91,2
91,1
91,0
87,5
87,4
87,3
87,2
87,1
87,0
83,4
83,3
83,2
83,1
83,0
72,5
72,1
66,3
66,1
45,3
45,1
20,3
20,2
20,1
19,3
19,2
19,1
14,10
14,9
14,8
12,3
12,2
12,1
11,25
11,21
11,17
11,12
11,11
11,9
11,5
11,3
11,2
11,1
10,299
18,1
10,289
18,3
10,279
10,269
10,219
10,217
14,1
14,7
10,211
10,125
14,3
13,1
10,123
